// ASCII 00h/0 = " "
00000000
00000000
00000000
00000000
00000000
00000000
00000000
00000000
00000000
00000000
00000000
00000000
00000000
00000000
00000000
00000000

// ASCII 01h/1 = " "
00000000
00000000
00000000
00000000
00000000
00000000
00000000
00000000
00000000
00000000
00000000
00000000
00000000
00000000
00000000
00000000

// ASCII 02h/2 = " "
00000000
00000000
00000000
00000000
00000000
00000000
00000000
00000000
00000000
00000000
00000000
00000000
00000000
00000000
00000000
00000000

// ASCII 03h/3 = " "
00000000
00000000
00000000
00000000
00000000
00000000
00000000
00000000
00000000
00000000
00000000
00000000
00000000
00000000
00000000
00000000

// ASCII 04h/4 = " "
00000000
00000000
00000000
00000000
00000000
00000000
00000000
00000000
00000000
00000000
00000000
00000000
00000000
00000000
00000000
00000000

// ASCII 05h/5 = " "
00000000
00000000
00000000
00000000
00000000
00000000
00000000
00000000
00000000
00000000
00000000
00000000
00000000
00000000
00000000
00000000

// ASCII 06h/6 = " "
00000000
00000000
00000000
00000000
00000000
00000000
00000000
00000000
00000000
00000000
00000000
00000000
00000000
00000000
00000000
00000000

// ASCII 07h/7 = " "
00000000
00000000
00000000
00000000
00000000
00000000
00000000
00000000
00000000
00000000
00000000
00000000
00000000
00000000
00000000
00000000

// ASCII 08h/8 = " "
00000000
00000000
00000000
00000000
00000000
00000000
00000000
00000000
00000000
00000000
00000000
00000000
00000000
00000000
00000000
00000000

// ASCII 09h/9 = " "
00000000
00000000
00000000
00000000
00000000
00000000
00000000
00000000
00000000
00000000
00000000
00000000
00000000
00000000
00000000
00000000

// ASCII 0Ah/10 = " "
00000000
00000000
00000000
00000000
00000000
00000000
00000000
00000000
00000000
00000000
00000000
00000000
00000000
00000000
00000000
00000000

// ASCII 0Bh/11 = " "
00000000
00000000
00000000
00000000
00000000
00000000
00000000
00000000
00000000
00000000
00000000
00000000
00000000
00000000
00000000
00000000

// ASCII 0Ch/12 = " "
00000000
00000000
00000000
00000000
00000000
00000000
00000000
00000000
00000000
00000000
00000000
00000000
00000000
00000000
00000000
00000000

// ASCII 0Dh/13 = " "
00000000
00000000
00000000
00000000
00000000
00000000
00000000
00000000
00000000
00000000
00000000
00000000
00000000
00000000
00000000
00000000

// ASCII 0Eh/14 = " "
00000000
00000000
00000000
00000000
00000000
00000000
00000000
00000000
00000000
00000000
00000000
00000000
00000000
00000000
00000000
00000000

// ASCII 0Fh/15 = " "
00000000
00000000
00000000
00000000
00000000
00000000
00000000
00000000
00000000
00000000
00000000
00000000
00000000
00000000
00000000
00000000

// ASCII 10h/16 = " "
00000000
00000000
00000000
00000000
00000000
00000000
00000000
00000000
00000000
00000000
00000000
00000000
00000000
00000000
00000000
00000000

// ASCII 11h/17 = " "
00000000
00000000
00000000
00000000
00000000
00000000
00000000
00000000
00000000
00000000
00000000
00000000
00000000
00000000
00000000
00000000

// ASCII 12h/18 = " "
00000000
00000000
00000000
00000000
00000000
00000000
00000000
00000000
00000000
00000000
00000000
00000000
00000000
00000000
00000000
00000000

// ASCII 13h/19 = " "
00000000
00000000
00000000
00000000
00000000
00000000
00000000
00000000
00000000
00000000
00000000
00000000
00000000
00000000
00000000
00000000

// ASCII 14h/20 = " "
00000000
00000000
00000000
00000000
00000000
00000000
00000000
00000000
00000000
00000000
00000000
00000000
00000000
00000000
00000000
00000000

// ASCII 15h/21 = " "
00000000
00000000
00000000
00000000
00000000
00000000
00000000
00000000
00000000
00000000
00000000
00000000
00000000
00000000
00000000
00000000

// ASCII 16h/22 = " "
00000000
00000000
00000000
00000000
00000000
00000000
00000000
00000000
00000000
00000000
00000000
00000000
00000000
00000000
00000000
00000000

// ASCII 17h/23 = " "
00000000
00000000
00000000
00000000
00000000
00000000
00000000
00000000
00000000
00000000
00000000
00000000
00000000
00000000
00000000
00000000

// ASCII 18h/24 = " "
00000000
00000000
00000000
00000000
00000000
00000000
00000000
00000000
00000000
00000000
00000000
00000000
00000000
00000000
00000000
00000000

// ASCII 19h/25 = " "
00000000
00000000
00000000
00000000
00000000
00000000
00000000
00000000
00000000
00000000
00000000
00000000
00000000
00000000
00000000
00000000

// ASCII 1Ah/26 = " "
00000000
00000000
00000000
00000000
00000000
00000000
00000000
00000000
00000000
00000000
00000000
00000000
00000000
00000000
00000000
00000000

// ASCII 1Bh/27 = " "
00000000
00000000
00000000
00000000
00000000
00000000
00000000
00000000
00000000
00000000
00000000
00000000
00000000
00000000
00000000
00000000

// ASCII 1Ch/28 = " "
00000000
00000000
00000000
00000000
00000000
00000000
00000000
00000000
00000000
00000000
00000000
00000000
00000000
00000000
00000000
00000000

// ASCII 1Dh/29 = " "
00000000
00000000
00000000
00000000
00000000
00000000
00000000
00000000
00000000
00000000
00000000
00000000
00000000
00000000
00000000
00000000

// ASCII 1Eh/30 = " "
00000000
00000000
00000000
00000000
00000000
00000000
00000000
00000000
00000000
00000000
00000000
00000000
00000000
00000000
00000000
00000000

// ASCII 1Fh/31 = " "
00000000
00000000
00000000
00000000
00000000
00000000
00000000
00000000
00000000
00000000
00000000
00000000
00000000
00000000
00000000
00000000

// ASCII 20h/32 = " "
00000000
00000000
00000000
00000000
00000000
00000000
00000000
00000000
00000000
00000000
00000000
00000000
00000000
00000000
00000000
00000000

// ASCII 21h/33 = "!"
00000000
00000000
00011000
00111100
00111100
00111100
00011000
00011000
00011000
00000000
00011000
00011000
00000000
00000000
00000000
00000000

// ASCII 22h/34 = """
00000000
01100110
01100110
01100110
00100100
00000000
00000000
00000000
00000000
00000000
00000000
00000000
00000000
00000000
00000000
00000000

// ASCII 23h/35 = "#"
00000000
00000000
00000000
00110110
00110110
01111111
00110110
00110110
00110110
01111111
00110110
00110110
00000000
00000000
00000000
00000000

// ASCII 24h/36 = "$"
00011000
00011000
00111110
01100011
01000011
00000011
00111110
01100000
01100000
01100001
01100011
00111110
00011000
00011000
00000000
00000000

// ASCII 25h/37 = "%"
00000000
00000000
00000000
00000000
01000011
01100011
00110000
00011000
00001100
00000110
01100011
01100001
00000000
00000000
00000000
00000000

// ASCII 26h/38 = "&"
00000000
00000000
00011100
00110110
00110110
00011100
01101110
00111011
00110011
00110011
00110011
01101110
00000000
00000000
00000000
00000000

// ASCII 27h/39 = "'"
00000000
00001100
00001100
00001100
00000110
00000000
00000000
00000000
00000000
00000000
00000000
00000000
00000000
00000000
00000000
00000000

// ASCII 28h/40 = "("
00000000
00000000
00110000
00011000
00001100
00001100
00001100
00001100
00001100
00001100
00011000
00110000
00000000
00000000
00000000
00000000

// ASCII 29h/41 = ")"
00000000
00000000
00001100
00011000
00110000
00110000
00110000
00110000
00110000
00110000
00011000
00001100
00000000
00000000
00000000
00000000

// ASCII 2Ah/42 = "*"
00000000
00000000
00000000
00000000
00000000
01100110
00111100
11111111
00111100
01100110
00000000
00000000
00000000
00000000
00000000
00000000

// ASCII 2Bh/43 = "+"
00000000
00000000
00000000
00000000
00000000
00011000
00011000
01111110
00011000
00011000
00000000
00000000
00000000
00000000
00000000
00000000

// ASCII 2Ch/44 = ","
00000000
00000000
00000000
00000000
00000000
00000000
00000000
00000000
00000000
00011000
00011000
00011000
00001100
00000000
00000000
00000000

// ASCII 2Dh/45 = "-"
00000000
00000000
00000000
00000000
00000000
00000000
00000000
01111111
00000000
00000000
00000000
00000000
00000000
00000000
00000000
00000000

// ASCII 2Eh/46 = "."
00000000
00000000
00000000
00000000
00000000
00000000
00000000
00000000
00000000
00000000
00011000
00011000
00000000
00000000
00000000
00000000

// ASCII 2Fh/47 = "/"
00000000
00000000
00000000
00000000
01000000
01100000
00110000
00011000
00001100
00000110
00000011
00000001
00000000
00000000
00000000
00000000

// ASCII 30h/48 = "0"
00000000
00000000
00111100
01100110
11000011
11000011
11011011
11011011
11000011
11000011
01100110
00111100
00000000
00000000
00000000
00000000

// ASCII 31h/49 = "1"
00000000
00000000
00011000
00011100
00011110
00011000
00011000
00011000
00011000
00011000
00011000
01111110
00000000
00000000
00000000
00000000

// ASCII 32h/50 = "2"
00000000
00000000
00111110
01100011
01100000
00110000
00011000
00001100
00000110
00000011
01100011
01111111
00000000
00000000
00000000
00000000

// ASCII 33h/51 = "3"
00000000
00000000
00111110
01100011
01100000
01100000
00111100
01100000
01100000
01100000
01100011
00111110
00000000
00000000
00000000
00000000

// ASCII 34h/52 = "4"
00000000
00000000
00110000
00111000
00111100
00110110
00110011
01111111
00110000
00110000
00110000
01111000
00000000
00000000
00000000
00000000

// ASCII 35h/53 = "5"
00000000
00000000
01111111
00000011
00000011
00000011
00111111
01100000
01100000
01100000
01100011
00111110
00000000
00000000
00000000
00000000

// ASCII 36h/54 = "6"
00000000
00000000
00011100
00000110
00000011
00000011
00111111
01100011
01100011
01100011
01100011
00111110
00000000
00000000
00000000
00000000

// ASCII 37h/55 = "7"
00000000
00000000
01111111
01100011
01100000
01100000
00110000
00011000
00001100
00001100
00001100
00001100
00000000
00000000
00000000
00000000

// ASCII 38h/56 = "8"
00000000
00000000
00111110
01100011
01100011
01100011
00111110
01100011
01100011
01100011
01100011
00111110
00000000
00000000
00000000
00000000

// ASCII 39h/57 = "9"
00000000
00000000
00111110
01100011
01100011
01100011
01111110
01100000
01100000
01100000
00110000
00011110
00000000
00000000
00000000
00000000

// ASCII 3Ah/58 = ":"
00000000
00000000
00000000
00000000
00011000
00011000
00000000
00000000
00000000
00011000
00011000
00000000
00000000
00000000
00000000
00000000

// ASCII 3Bh/59 = ";"
00000000
00000000
00000000
00000000
00011000
00011000
00000000
00000000
00000000
00011000
00011000
00001100
00000000
00000000
00000000
00000000

// ASCII 3Ch/60 = "<"
00000000
00000000
00000000
01100000
00110000
00011000
00001100
00000110
00001100
00011000
00110000
01100000
00000000
00000000
00000000
00000000

// ASCII 3Dh/61 = "="
00000000
00000000
00000000
00000000
00000000
01111110
00000000
00000000
01111110
00000000
00000000
00000000
00000000
00000000
00000000
00000000

// ASCII 3Eh/62 = ">"
00000000
00000000
00000000
00000110
00001100
00011000
00110000
01100000
00110000
00011000
00001100
00000110
00000000
00000000
00000000
00000000

// ASCII 3Fh/63 = "?"
00000000
00000000
00111110
01100011
01100011
00110000
00011000
00011000
00011000
00000000
00011000
00011000
00000000
00000000
00000000
00000000

// ASCII 40h/64 = "@"
00000000
00000000
00000000
00111110
01100011
01100011
01111011
01111011
01111011
00111011
00000011
00111110
00000000
00000000
00000000
00000000

// ASCII 41h/65 = "A"
00000000
00000000
00001000
00011100
00110110
01100011
01100011
01111111
01100011
01100011
01100011
01100011
00000000
00000000
00000000
00000000

// ASCII 42h/66 = "B"
00000000
00000000
00111111
01100110
01100110
01100110
00111110
01100110
01100110
01100110
01100110
00111111
00000000
00000000
00000000
00000000

// ASCII 43h/67 = "C"
00000000
00000000
00111100
01100110
01000011
00000011
00000011
00000011
00000011
01000011
01100110
00111100
00000000
00000000
00000000
00000000

// ASCII 44h/68 = "D"
00000000
00000000
00011111
00110110
01100110
01100110
01100110
01100110
01100110
01100110
00110110
00011111
00000000
00000000
00000000
00000000

// ASCII 45h/69 = "E"
00000000
00000000
01111111
01100110
01000110
00010110
00011110
00010110
00000110
01000110
01100110
01111111
00000000
00000000
00000000
00000000

// ASCII 46h/70 = "F"
00000000
00000000
01111111
01100110
01000110
00010110
00011110
00010110
00000110
00000110
00000110
00001111
00000000
00000000
00000000
00000000

// ASCII 47h/71 = "G"
00000000
00000000
00111100
01100110
01000011
00000011
00000011
01111011
01100011
01100011
01100110
01011100
00000000
00000000
00000000
00000000

// ASCII 48h/72 = "H"
00000000
00000000
01100011
01100011
01100011
01100011
01111111
01100011
01100011
01100011
01100011
01100011
00000000
00000000
00000000
00000000

// ASCII 49h/73 = "I"
00000000
00000000
00111100
00011000
00011000
00011000
00011000
00011000
00011000
00011000
00011000
00111100
00000000
00000000
00000000
00000000

// ASCII 4Ah/74 = "J"
00000000
00000000
01111000
00110000
00110000
00110000
00110000
00110000
00110011
00110011
00110011
00011110
00000000
00000000
00000000
00000000

// ASCII 4Bh/75 = "K"
00000000
00000000
01100111
01100110
01100110
00110110
00011110
00011110
00110110
01100110
01100110
01100111
00000000
00000000
00000000
00000000

// ASCII 4Ch/76 = "L"
00000000
00000000
00001111
00000110
00000110
00000110
00000110
00000110
00000110
01000110
01100110
01111111
00000000
00000000
00000000
00000000

// ASCII 4Dh/77 = "M"
00000000
00000000
11000011
11100111
11111111
11111111
11011011
11000011
11000011
11000011
11000011
11000011
00000000
00000000
00000000
00000000

// ASCII 4Eh/78 = "N"
00000000
00000000
01100011
01100111
01101111
01111111
01111011
01110011
01100011
01100011
01100011
01100011
00000000
00000000
00000000
00000000

// ASCII 4Fh/79 = "O"
00000000
00000000
00111110
01100011
01100011
01100011
01100011
01100011
01100011
01100011
01100011
00111110
00000000
00000000
00000000
00000000

// ASCII 50h/80 = "P"
00000000
00000000
00111111
01100110
01100110
01100110
00111110
00000110
00000110
00000110
00000110
00001111
00000000
00000000
00000000
00000000

// ASCII 51h/81 = "Q"
00000000
00000000
00111110
01100011
01100011
01100011
01100011
01100011
01100011
01101011
01111011
00111110
00110000
01110000
00000000
00000000

// ASCII 52h/82 = "R"
00000000
00000000
00111111
01100110
01100110
01100110
00111110
00110110
01100110
01100110
01100110
01100111
00000000
00000000
00000000
00000000

// ASCII 53h/83 = "S"
00000000
00000000
00111110
01100011
01100011
00000110
00011100
00110000
01100000
01100011
01100011
00111110
00000000
00000000
00000000
00000000

// ASCII 54h/84 = "T"
00000000
00000000
11111111
11011011
10011001
00011000
00011000
00011000
00011000
00011000
00011000
00111100
00000000
00000000
00000000
00000000

// ASCII 55h/85 = "U"
00000000
00000000
01100011
01100011
01100011
01100011
01100011
01100011
01100011
01100011
01100011
00111110
00000000
00000000
00000000
00000000

// ASCII 56h/86 = "V"
00000000
00000000
11000011
11000011
11000011
11000011
11000011
11000011
11000011
01100110
00111100
00011000
00000000
00000000
00000000
00000000

// ASCII 57h/87 = "W"
00000000
00000000
11000011
11000011
11000011
11000011
11011011
11011011
11011011
11111111
11100111
01100110
00000000
00000000
00000000
00000000

// ASCII 58h/88 = "X"
00000000
00000000
11000011
11000011
01100110
01111110
00111100
00111100
01111110
01100110
11000011
11000011
00000000
00000000
00000000
00000000

// ASCII 59h/89 = "Y"
00000000
00000000
11000011
11000011
11000011
01100110
00111100
00011000
00011000
00011000
00011000
00111100
00000000
00000000
00000000
00000000

// ASCII 5Ah/90 = "Z"
00000000
00000000
11111111
11000011
01100001
00110000
00011000
00001100
00000110
10000011
11000011
11111111
00000000
00000000
00000000
00000000

// ASCII 5Bh/91 = "["
00000000
00000000
00111100
00001100
00001100
00001100
00001100
00001100
00001100
00001100
00001100
00111100
00000000
00000000
00000000
00000000

// ASCII 5Ch/92 = "\"
00000000
00000000
00000000
00000001
00000011
00000111
00001110
00011100
00111000
01110000
01100000
01000000
00000000
00000000
00000000
00000000

// ASCII 5Dh/93 = "]"
00000000
00000000
00111100
00110000
00110000
00110000
00110000
00110000
00110000
00110000
00110000
00111100
00000000
00000000
00000000
00000000

// ASCII 5Eh/94 = "^"
00001000
00011100
00110110
01100011
00000000
00000000
00000000
00000000
00000000
00000000
00000000
00000000
00000000
00000000
00000000
00000000

// ASCII 5Fh/95 = "_"
00000000
00000000
00000000
00000000
00000000
00000000
00000000
00000000
00000000
00000000
00000000
00000000
00000000
11111111
00000000
00000000

// ASCII 60h/96 = "`"
00000000
00001100
00011000
00110000
00000000
00000000
00000000
00000000
00000000
00000000
00000000
00000000
00000000
00000000
00000000
00000000

// ASCII 61h/97 = "a"
00000000
00000000
00000000
00000000
00000000
00011110
00110000
00111110
00110011
00110011
00110011
01101110
00000000
00000000
00000000
00000000

// ASCII 62h/98 = "b"
00000000
00000000
00000111
00000110
00000110
00011110
00110110
01100110
01100110
01100110
01100110
00111110
00000000
00000000
00000000
00000000

// ASCII 63h/99 = "c"
00000000
00000000
00000000
00000000
00000000
00111110
01100011
00000011
00000011
00000011
01100011
00111110
00000000
00000000
00000000
00000000

// ASCII 64h/100 = "d"
00000000
00000000
00111000
00110000
00110000
00111100
00110110
00110011
00110011
00110011
00110011
01101110
00000000
00000000
00000000
00000000

// ASCII 65h/101 = "e"
00000000
00000000
00000000
00000000
00000000
00111110
01100011
01111111
00000011
00000011
01100011
00111110
00000000
00000000
00000000
00000000

// ASCII 66h/102 = "f"
00000000
00000000
00111000
01101100
01001100
00001100
00011110
00001100
00001100
00001100
00001100
00011110
00000000
00000000
00000000
00000000

// ASCII 67h/103 = "g"
00000000
00000000
00000000
00000000
00000000
01101110
00110011
00110011
00110011
00110011
00110011
00111110
00110000
00110011
00011110
00000000

// ASCII 68h/104 = "h"
00000000
00000000
00000111
00000110
00000110
00110110
01101110
01100110
01100110
01100110
01100110
01100111
00000000
00000000
00000000
00000000

// ASCII 69h/105 = "i"
00000000
00000000
00011000
00011000
00000000
00011100
00011000
00011000
00011000
00011000
00011000
00111100
00000000
00000000
00000000
00000000

// ASCII 6Ah/106 = "j"
00000000
00000000
01100000
01100000
00000000
01110000
01100000
01100000
01100000
01100000
01100000
01100000
01100110
01100110
00111100
00000000

// ASCII 6Bh/107 = "k"
00000000
00000000
00000111
00000110
00000110
01100110
00110110
00011110
00011110
00110110
01100110
01100111
00000000
00000000
00000000
00000000

// ASCII 6Ch/108 = "l"
00000000
00000000
00011100
00011000
00011000
00011000
00011000
00011000
00011000
00011000
00011000
00111100
00000000
00000000
00000000
00000000

// ASCII 6Dh/109 = "m"
00000000
00000000
00000000
00000000
00000000
01100111
11111111
11011011
11011011
11011011
11011011
11000011
00000000
00000000
00000000
00000000

// ASCII 6Eh/110 = "n"
00000000
00000000
00000000
00000000
00000000
00111011
01100110
01100110
01100110
01100110
01100110
01100110
00000000
00000000
00000000
00000000

// ASCII 6Fh/111 = "o"
00000000
00000000
00000000
00000000
00000000
00111110
01100011
01100011
01100011
01100011
01100011
00111110
00000000
00000000
00000000
00000000

// ASCII 70h/112 = "p"
00000000
00000000
00000000
00000000
00000000
00111011
01100110
01100110
01100110
01100110
01100110
00111110
00000110
00000110
00001111
00000000

// ASCII 71h/113 = "q"
00000000
00000000
00000000
00000000
00000000
01101110
00110011
00110011
00110011
00110011
00110011
00111110
00110000
00110000
01111000
00000000

// ASCII 72h/114 = "r"
00000000
00000000
00000000
00000000
00000000
00111011
01101110
01100110
00000110
00000110
00000110
00001111
00000000
00000000
00000000
00000000

// ASCII 73h/115 = "s"
00000000
00000000
00000000
00000000
00000000
00111110
01100011
00000110
00011100
00110000
01100011
00111110
00000000
00000000
00000000
00000000

// ASCII 74h/116 = "t"
00000000
00000000
00001000
00001100
00001100
00111111
00001100
00001100
00001100
00001100
01101100
00111000
00000000
00000000
00000000
00000000

// ASCII 75h/117 = "u"
00000000
00000000
00000000
00000000
00000000
00110011
00110011
00110011
00110011
00110011
00110011
01101110
00000000
00000000
00000000
00000000

// ASCII 76h/118 = "v"
00000000
00000000
00000000
00000000
00000000
11000011
11000011
11000011
11000011
01100110
00111100
00011000
00000000
00000000
00000000
00000000

// ASCII 77h/119 = "w"
00000000
00000000
00000000
00000000
00000000
11000011
11000011
11011011
11011011
11011011
11111111
01100110
00000000
00000000
00000000
00000000

// ASCII 78h/120 = "x"
00000000
00000000
00000000
00000000
00000000
11000011
01100110
00111100
00111100
00111100
01100110
11000011
00000000
00000000
00000000
00000000

// ASCII 79h/121 = "y"
00000000
00000000
00000000
00000000
00000000
01100011
01100011
01100011
01100011
01100011
01100011
01111110
01100000
00110000
00011111
00000000

// ASCII 7Ah/122 = "z"
00000000
00000000
00000000
00000000
00000000
01111111
00110011
00011000
00001100
00000110
01100011
01111111
00000000
00000000
00000000
00000000

// ASCII 7Bh/123 = "{"
00000000
00000000
01110000
00011000
00011000
00011000
00001110
00011000
00011000
00011000
00011000
01110000
00000000
00000000
00000000
00000000

// ASCII 7Ch/124 = "|"
00000000
00000000
00011000
00011000
00011000
00011000
00011000
00011000
00011000
00011000
00011000
00011000
00000000
00000000
00000000
00000000

// ASCII 7Dh/125 = "}"
00000000
00000000
00001110
00011000
00011000
00011000
01110000
00011000
00011000
00011000
00011000
00001110
00000000
00000000
00000000
00000000

// ASCII 7Eh/126 = "~"
00000000
01101110
00111011
00000000
00000000
00000000
00000000
00000000
00000000
00000000
00000000
00000000
00000000
00000000
00000000
00000000

// ASCII 7Fh/127 = ""
00000000
00000000
00000000
00000000
00000000
00000000
00000000
00000000
00000000
00000000
00000000
00000000
00000000
00000000
00000000
00000000

// ASCII 80h/128 = ""
00000000
00000000
00011000
00011000
00000000
00011000
00011000
00011000
00111100
00111100
00111100
00011000
00000000
00000000
00000000
00000000

// ASCII 81h/129 = ""
00000000
00011000
00011000
01111110
11000011
00000011
00000011
00000011
11000011
01111110
00011000
00011000
00000000
00000000
00000000
00000000

// ASCII 82h/130 = ""
00000000
00011100
00110110
00100110
00000110
00001111
00000110
00000110
00000110
00000110
01100111
00111111
00000000
00000000
00000000
00000000

// ASCII 83h/131 = ""
00000000
00000000
11000011
01100110
00111100
00011000
01111110
00011000
01111110
00011000
00011000
00011000
00000000
00000000
00000000
00000000

// ASCII 84h/132 = ""
00000000
00000000
00111100
00110110
00110110
01111100
00000000
01111110
00000000
00000000
00000000
00000000
00000000
00000000
00000000
00000000

// ASCII 85h/133 = " "
00000000
00000000
00000000
00000000
00000000
01101100
00110110
00011011
00110110
01101100
00000000
00000000
00000000
00000000
00000000
00000000

// ASCII 86h/134 = ""
00000000
00000000
00000000
00000000
00000000
00000000
01111111
01100000
01100000
01100000
01100000
00000000
00000000
00000000
00000000
00000000

// ASCII 87h/135 = ""
00000000
00011100
00110110
00110110
00011100
00000000
00000000
00000000
00000000
00000000
00000000
00000000
00000000
00000000
00000000
00000000

// ASCII 88h/136 = ""
00000000
00000000
00000000
00000000
00011000
00011000
01111110
00011000
00011000
00000000
00000000
01111110
00000000
00000000
00000000
00000000

// ASCII 89h/137 = ""
00000000
00111100
01100110
00110000
00011000
01001100
01111110
00000000
00000000
00000000
00000000
00000000
00000000
00000000
00000000
00000000

// ASCII 8Ah/138 = ""
00000000
00000000
00000000
00000000
00000000
01100110
01100110
01100110
01100110
01100110
01100110
00111110
00000110
00000110
00000011
00000000

// ASCII 8Bh/139 = ""
00000000
00000000
00000000
00000000
00000000
00000000
00000000
00011000
00000000
00000000
00000000
00000000
00000000
00000000
00000000
00000000

// ASCII 8Ch/140 = ""
00000000
00000000
00011100
00110110
00110110
00011100
00000000
00111110
00000000
00000000
00000000
00000000
00000000
00000000
00000000
00000000

// ASCII 8Dh/141 = ""
00000000
00000000
00000000
00000000
00000000
00011011
00110110
01101100
00110110
00011011
00000000
00000000
00000000
00000000
00000000
00000000

// ASCII 8Eh/142 = ""
00000000
00000110
00000111
01000110
01100110
00110110
00011000
00001100
01100110
01110011
01011001
11111100
01100000
01100000
00000000
00000000

// ASCII 8Fh/143 = ""
00000000
00000110
00000111
01000110
01100110
00110110
00011000
00001100
00000110
00111011
01100001
00110000
00011000
01111100
00000000
00000000

// ASCII 90h/144 = ""
00000000
00000000
00001100
00001100
00000000
00001100
00001100
00000110
00000011
01100011
01100011
00111110
00000000
00000000
00000000
00000000

// ASCII 91h/145 = ""
00000000
01100011
00001000
00011100
00110110
01100011
01100011
01111111
01100011
01100011
01100011
01100011
00000000
00000000
00000000
00000000

// ASCII 92h/146 = ""
00011100
00110110
00011100
00001000
00011100
00110110
01100011
01111111
01100011
01100011
01100011
01100011
00000000
00000000
00000000
00000000

// ASCII 93h/147 = ""
01111100
00110110
00110011
00110011
01111111
00110011
00110011
00110011
00110011
00110011
00110011
01110011
00000000
00000000
00000000
00000000

// ASCII 94h/148 = ""
00000000
00000000
00111100
01100110
01000011
00000011
00000011
00000011
00000011
01000011
01100110
00111100
00011000
00001110
00000000
00000000

// ASCII 95h/149 = ""
00110000
00011000
00000000
01111111
01100110
01000110
00010110
00011110
00010110
01000110
01100110
01111111
00000000
00000000
00000000
00000000

// ASCII 96h/150 = ""
01101110
00111011
00000000
01100011
01100111
01101111
01111111
01111011
01110011
01100011
01100011
01100011
00000000
00000000
00000000
00000000

// ASCII 97h/151 = ""
00000000
01100011
00000000
00111110
01100011
01100011
01100011
01100011
01100011
01100011
01100011
00111110
00000000
00000000
00000000
00000000

// ASCII 98h/152 = ""
00000000
01100011
00000000
01100011
01100011
01100011
01100011
01100011
01100011
01100011
01100011
00111110
00000000
00000000
00000000
00000000

// ASCII 99h/153 = ""
00000000
00000000
00011110
00110011
00110011
00110011
00011011
00110011
01100011
01100011
01100011
00110011
00000000
00000000
00000000
00000000

// ASCII 9Ah/154 = ""
00000000
00000110
00001100
00011000
00000000
00011110
00110000
00111110
00110011
00110011
00110011
01101110
00000000
00000000
00000000
00000000

// ASCII 9Bh/155 = ""
00000000
00011000
00001100
00000110
00000000
00011110
00110000
00111110
00110011
00110011
00110011
01101110
00000000
00000000
00000000
00000000

// ASCII 9Ch/156 = ""
00000000
00001000
00011100
00110110
00000000
00011110
00110000
00111110
00110011
00110011
00110011
01101110
00000000
00000000
00000000
00000000

// ASCII 9Dh/157 = ""
00000000
00000000
00110011
00000000
00000000
00011110
00110000
00111110
00110011
00110011
00110011
01101110
00000000
00000000
00000000
00000000

// ASCII 9Eh/158 = ""
00000000
00011100
00110110
00011100
00000000
00011110
00110000
00111110
00110011
00110011
00110011
01101110
00000000
00000000
00000000
00000000

// ASCII 9Fh/159 = ""
00000000
00000000
00000000
00000000
00000000
01110111
11011100
11011000
11111110
00011011
00111011
11101110
00000000
00000000
00000000
00000000

// ASCII A0h/160 = " "
00000000
00000000
00000000
00000000
00000000
00111110
01100011
00000011
00000011
00000011
01100011
00111110
00011000
00001110
00000000
00000000

// ASCII A1h/161 = "¡"
00000000
00000110
00001100
00011000
00000000
00111110
01100011
01111111
00000011
00000011
01100011
00111110
00000000
00000000
00000000
00000000

// ASCII A2h/162 = "¢"
00000000
00110000
00011000
00001100
00000000
00111110
01100011
01111111
00000011
00000011
01100011
00111110
00000000
00000000
00000000
00000000

// ASCII A3h/163 = "£"
00000000
00001000
00011100
00110110
00000000
00111110
01100011
01111111
00000011
00000011
01100011
00111110
00000000
00000000
00000000
00000000

// ASCII A4h/164 = "¤"
00000000
00000000
01100011
00000000
00000000
00111110
01100011
01111111
00000011
00000011
01100011
00111110
00000000
00000000
00000000
00000000

// ASCII A5h/165 = "¥"
00000000
00000110
00001100
00011000
00000000
00011100
00011000
00011000
00011000
00011000
00011000
00111100
00000000
00000000
00000000
00000000

// ASCII A6h/166 = "¦"
00000000
00110000
00011000
00001100
00000000
00011100
00011000
00011000
00011000
00011000
00011000
00111100
00000000
00000000
00000000
00000000

// ASCII A7h/167 = "§"
00000000
00011000
00111100
01100110
00000000
00011100
00011000
00011000
00011000
00011000
00011000
00111100
00000000
00000000
00000000
00000000

// ASCII A8h/168 = "¨"
00000000
00000000
01100110
00000000
00000000
00011100
00011000
00011000
00011000
00011000
00011000
00111100
00000000
00000000
00000000
00000000

// ASCII A9h/169 = "©"
00000000
00000000
01101110
00111011
00000000
00111011
01100110
01100110
01100110
01100110
01100110
01100110
00000000
00000000
00000000
00000000

// ASCII AAh/170 = "ª"
00000000
00000110
00001100
00011000
00000000
00111110
01100011
01100011
01100011
01100011
01100011
00111110
00000000
00000000
00000000
00000000

// ASCII ABh/171 = "«"
00000000
00011000
00001100
00000110
00000000
00111110
01100011
01100011
01100011
01100011
01100011
00111110
00000000
00000000
00000000
00000000

// ASCII ACh/172 = "¬"
00000000
00001000
00011100
00110110
00000000
00111110
01100011
01100011
01100011
01100011
01100011
00111110
00000000
00000000
00000000
00000000

// ASCII ADh/173 = "­"
00000000
00000000
01100011
00000000
00000000
00111110
01100011
01100011
01100011
01100011
01100011
00111110
00000000
00000000
00000000
00000000

// ASCII AEh/174 = "®"
00000000
00000000
00000000
00000000
00000000
00011000
00000000
01111110
00000000
00011000
00000000
00000000
00000000
00000000
00000000
00000000

// ASCII AFh/175 = "¯"
00000000
00000110
00001100
00011000
00000000
00110011
00110011
00110011
00110011
00110011
00110011
01101110
00000000
00000000
00000000
00000000

// ASCII B0h/176 = "°"
00000000
00011000
00001100
00000110
00000000
00110011
00110011
00110011
00110011
00110011
00110011
01101110
00000000
00000000
00000000
00000000

// ASCII B1h/177 = "±"
00000000
00001100
00011110
00110011
00000000
00110011
00110011
00110011
00110011
00110011
00110011
01101110
00000000
00000000
00000000
00000000

// ASCII B2h/178 = "²"
00000000
00000000
00110011
00000000
00000000
00110011
00110011
00110011
00110011
00110011
00110011
01101110
00000000
00000000
00000000
00000000

// ASCII B3h/179 = "³"
00000000
00000000
01100011
00000000
00000000
01100011
01100011
01100011
01100011
01100011
01100011
01111110
01100000
00110000
00011111
00000000

// ASCII B4h/180 = "´"
00000000
01110000
11011000
00011000
00011000
00011000
01111110
00011000
00011000
00011000
00011011
00001110
00000000
00000000
00000000
00000000

// ASCII B5h/181 = "µ"
00000000
00000000
01111111
01100011
01100011
00000011
00000011
00000011
00000011
00000011
00000011
00000011
00000000
00000000
00000000
00000000

// ASCII B6h/182 = "¶"
00000000
00000000
00011100
00110110
01100011
01100011
01111111
01100011
01100011
01100011
00110110
00011100
00000000
00000000
00000000
00000000

// ASCII B7h/183 = "·"
00000000
00000000
01111111
01100011
00000110
00001100
00011000
00011000
00001100
00000110
01100011
01111111
00000000
00000000
00000000
00000000

// ASCII B8h/184 = "¸"
00000000
00000000
01111110
00011000
00111100
01100110
01100110
01100110
01100110
00111100
00011000
01111110
00000000
00000000
00000000
00000000

// ASCII B9h/185 = "¹"
00000000
00000000
00011100
00110110
01100011
01100011
01100011
00110110
00110110
00110110
00110110
01110111
00000000
00000000
00000000
00000000

// ASCII BAh/186 = "º"
00000000
00000000
00000000
00000000
00000000
01101110
00111011
00011011
00011011
00011011
00111011
01101110
00000000
00000000
00000000
00000000

// ASCII BBh/187 = "»"
00000000
00000000
01111000
00001100
00011000
00110000
01111100
01100110
01100110
01100110
01100110
00111100
00000000
00000000
00000000
00000000

// ASCII BCh/188 = "¼"
00000000
00000000
00111000
00001100
00000110
00000110
00111110
00000110
00000110
00000110
00001100
00111000
00000000
00000000
00000000
00000000

// ASCII BDh/189 = "½"
00000000
00000000
00000000
00000000
00000000
01111111
00110110
00110110
00110110
00110110
00110110
00110110
00000000
00000000
00000000
00000000

// ASCII BEh/190 = "¾"
00000000
00000000
00000000
00000000
00000000
01111110
00011011
00011011
00011011
00011011
00011011
00001110
00000000
00000000
00000000
00000000

// ASCII BFh/191 = "¿"
00000000
00000000
00000000
00000000
01101110
00111011
00011000
00011000
00011000
00011000
00011000
00011000
00000000
00000000
00000000
00000000

// ASCII C0h/192 = "À"
00000000
00000000
00000000
11000000
01100000
01111110
11011011
11011011
11001111
01111110
00000110
00000011
00000000
00000000
00000000
00000000

// ASCII C1h/193 = "Á"
00000000
00110110
01101100
01101100
01101100
01101100
01101100
00000000
00000000
00000000
00000000
00000000
00000000
00000000
00000000
00000000

// ASCII C2h/194 = "Â"
00000000
00011111
00110011
00110011
00011111
00100011
00110011
01111011
00110011
00110011
00110011
01100011
00000000
00000000
00000000
00000000

// ASCII C3h/195 = "Ã"
00000000
00000000
00000000
00000000
00000000
00000000
00000000
00011000
00011000
00000000
00000000
00000000
00000000
00000000
00000000
00000000

// ASCII C4h/196 = "Ä"
00000000
11110000
00110000
00110000
00110000
00110000
00110000
00110111
00110110
00110110
00111100
00111000
00000000
00000000
00000000
00000000

// ASCII C5h/197 = "Å"
00000000
00000000
00000000
00000000
00000000
01111110
11011011
11011011
11011011
01111110
00000000
00000000
00000000
00000000
00000000
00000000

// ASCII C6h/198 = "Æ"
00000000
00000000
00000000
00111110
01100011
01100011
01100011
01100011
01100011
01100011
01100011
01100011
00000000
00000000
00000000
00000000

// ASCII C7h/199 = "Ç"
00000000
00000000
00000000
00000000
00000000
01101110
00111011
00000000
01101110
00111011
00000000
00000000
00000000
00000000
00000000
00000000

// ASCII C8h/200 = "È"
00000000
00000000
00000000
00000000
01111111
00000000
00000000
01111111
00000000
00000000
01111111
00000000
00000000
00000000
00000000
00000000

// ASCII C9h/201 = "É"
00000000
00000000
00000000
00110000
00011000
00001100
00000110
00001100
00011000
00110000
00000000
01111110
00000000
00000000
00000000
00000000

// ASCII CAh/202 = "Ê"
00000000
00000000
00000000
00001100
00011000
00110000
01100000
00110000
00011000
00001100
00000000
01111110
00000000
00000000
00000000
00000000

// ASCII CBh/203 = "Ë"
00000000
00000000
00000000
00000000
00000000
00000000
01111111
00000011
00000011
00000011
00000011
00000000
00000000
00000000
00000000
00000000

// ASCII CCh/204 = "Ì"
00000000
00000000
01110000
11011000
11011000
00011000
00011000
00011000
00011000
00011000
00011000
00011000
00011000
00011000
00011000
00011000

// ASCII CDh/205 = "Í"
00011000
00011000
00011000
00011000
00011000
00011000
00011000
00011000
00011000
00011000
00011011
00011011
00001110
00000000
00000000
00000000

// ASCII CEh/206 = "Î"
00000000
00000000
00000000
00000000
00000000
00000000
00000000
11111111
00000000
00000000
00000000
00000000
00000000
00000000
00000000
00000000

// ASCII CFh/207 = "Ï"
00011000
00011000
00011000
00011000
00011000
00011000
00011000
00011000
00011000
00011000
00011000
00011000
00011000
00011000
00011000
00011000

// ASCII D0h/208 = "Ð"
00000000
00000000
00000000
00000000
00000000
00000000
00000000
11111000
00011000
00011000
00011000
00011000
00011000
00011000
00011000
00011000

// ASCII D1h/209 = "Ñ"
00000000
00000000
00000000
00000000
00000000
00000000
00000000
00011111
00011000
00011000
00011000
00011000
00011000
00011000
00011000
00011000

// ASCII D2h/210 = "Ò"
00011000
00011000
00011000
00011000
00011000
00011000
00011000
11111000
00000000
00000000
00000000
00000000
00000000
00000000
00000000
00000000

// ASCII D3h/211 = "Ó"
00011000
00011000
00011000
00011000
00011000
00011000
00011000
00011111
00000000
00000000
00000000
00000000
00000000
00000000
00000000
00000000

// ASCII D4h/212 = "Ô"
00011000
00011000
00011000
00011000
00011000
00011000
00011000
11111000
00011000
00011000
00011000
00011000
00011000
00011000
00011000
00011000

// ASCII D5h/213 = "Õ"
00011000
00011000
00011000
00011000
00011000
00011000
00011000
00011111
00011000
00011000
00011000
00011000
00011000
00011000
00011000
00011000

// ASCII D6h/214 = "Ö"
00000000
00000000
00000000
00000000
00000000
00000000
00000000
11111111
00011000
00011000
00011000
00011000
00011000
00011000
00011000
00011000

// ASCII D7h/215 = "×"
00011000
00011000
00011000
00011000
00011000
00011000
00011000
11111111
00000000
00000000
00000000
00000000
00000000
00000000
00000000
00000000

// ASCII D8h/216 = "Ø"
00011000
00011000
00011000
00011000
00011000
00011000
00011000
11111111
00011000
00011000
00011000
00011000
00011000
00011000
00011000
00011000

// ASCII D9h/217 = "Ù"
00000000
00000000
00000000
00000000
00000000
11111111
00000000
11111111
00000000
00000000
00000000
00000000
00000000
00000000
00000000
00000000

// ASCII DAh/218 = "Ú"
01101100
01101100
01101100
01101100
01101100
01101100
01101100
01101100
01101100
01101100
01101100
01101100
01101100
01101100
01101100
01101100

// ASCII DBh/219 = "Û"
00000000
00000000
00000000
00000000
00000000
11111000
00011000
11111000
00011000
00011000
00011000
00011000
00011000
00011000
00011000
00011000

// ASCII DCh/220 = "Ü"
00000000
00000000
00000000
00000000
00000000
00000000
00000000
11111100
01101100
01101100
01101100
01101100
01101100
01101100
01101100
01101100

// ASCII DDh/221 = "Ý"
00000000
00000000
00000000
00000000
00000000
11111100
00001100
11101100
01101100
01101100
01101100
01101100
01101100
01101100
01101100
01101100

// ASCII DEh/222 = "Þ"
00000000
00000000
00000000
00000000
00000000
00011111
00011000
00011111
00011000
00011000
00011000
00011000
00011000
00011000
00011000
00011000

// ASCII DFh/223 = "ß"
00000000
00000000
00000000
00000000
00000000
00000000
00000000
01111111
01101100
01101100
01101100
01101100
01101100
01101100
01101100
01101100

// ASCII E0h/224 = "à"
00000000
00000000
00000000
00000000
00000000
01111111
01100000
01101111
01101100
01101100
01101100
01101100
01101100
01101100
01101100
01101100

// ASCII E1h/225 = "á"
00011000
00011000
00011000
00011000
00011000
11111000
00011000
11111000
00000000
00000000
00000000
00000000
00000000
00000000
00000000
00000000

// ASCII E2h/226 = "â"
01101100
01101100
01101100
01101100
01101100
01101100
01101100
11111100
00000000
00000000
00000000
00000000
00000000
00000000
00000000
00000000

// ASCII E3h/227 = "ã"
01101100
01101100
01101100
01101100
01101100
11101100
00001100
11111100
00000000
00000000
00000000
00000000
00000000
00000000
00000000
00000000

// ASCII E4h/228 = "ä"
00011000
00011000
00011000
00011000
00011000
00011111
00011000
00011111
00000000
00000000
00000000
00000000
00000000
00000000
00000000
00000000

// ASCII E5h/229 = "å"
01101100
01101100
01101100
01101100
01101100
01101100
01101100
01111111
00000000
00000000
00000000
00000000
00000000
00000000
00000000
00000000

// ASCII E6h/230 = "æ"
01101100
01101100
01101100
01101100
01101100
01101111
01100000
01111111
00000000
00000000
00000000
00000000
00000000
00000000
00000000
00000000

// ASCII E7h/231 = "ç"
00011000
00011000
00011000
00011000
00011000
11111000
00011000
11111000
00011000
00011000
00011000
00011000
00011000
00011000
00011000
00011000

// ASCII E8h/232 = "è"
01101100
01101100
01101100
01101100
01101100
01101100
01101100
11101100
01101100
01101100
01101100
01101100
01101100
01101100
01101100
01101100

// ASCII E9h/233 = "é"
01101100
01101100
01101100
01101100
01101100
11101100
00001100
11101100
01101100
01101100
01101100
01101100
01101100
01101100
01101100
01101100

// ASCII EAh/234 = "ê"
00011000
00011000
00011000
00011000
00011000
00011111
00011000
00011111
00011000
00011000
00011000
00011000
00011000
00011000
00011000
00011000

// ASCII EBh/235 = "ë"
01101100
01101100
01101100
01101100
01101100
01101100
01101100
01101111
01101100
01101100
01101100
01101100
01101100
01101100
01101100
01101100

// ASCII ECh/236 = "ì"
01101100
01101100
01101100
01101100
01101100
01101111
01100000
01101111
01101100
01101100
01101100
01101100
01101100
01101100
01101100
01101100

// ASCII EDh/237 = "í"
00000000
00000000
00000000
00000000
00000000
11111111
00000000
11111111
00011000
00011000
00011000
00011000
00011000
00011000
00011000
00011000

// ASCII EEh/238 = "î"
00000000
00000000
00000000
00000000
00000000
00000000
00000000
11111111
01101100
01101100
01101100
01101100
01101100
01101100
01101100
01101100

// ASCII EFh/239 = "ï"
00000000
00000000
00000000
00000000
00000000
11111111
00000000
11101111
01101100
01101100
01101100
01101100
01101100
01101100
01101100
01101100

// ASCII F0h/240 = "ð"
00000000
00000000
00011000
00011000
00011000
11111111
00000000
11111111
00000000
00000000
00000000
00000000
00000000
00000000
00000000
00000000

// ASCII F1h/241 = "ñ"
01101100
01101100
01101100
01101100
01101100
01101100
01101100
11111111
00000000
00000000
00000000
00000000
00000000
00000000
00000000
00000000

// ASCII F2h/242 = "ò"
01101100
01101100
01101100
01101100
01101100
11101111
00000000
11111111
00000000
00000000
00000000
00000000
00000000
00000000
00000000
00000000

// ASCII F3h/243 = "ó"
00011000
00011000
00011000
00011000
00011000
11111111
00011000
11111111
00011000
00011000
00011000
00011000
00011000
00011000
00011000
00011000

// ASCII F4h/244 = "ô"
01101100
01101100
01101100
01101100
01101100
01101100
01101100
11111111
01101100
01101100
01101100
01101100
01101100
01101100
01101100
01101100

// ASCII F5h/245 = "õ"
01101100
01101100
01101100
01101100
01101100
11101111
00000000
11101111
01101100
01101100
01101100
01101100
01101100
01101100
01101100
01101100

// ASCII F6h/246 = "ö"
11111111
11111111
11111111
11111111
11111111
11111111
11111111
00000000
00000000
00000000
00000000
00000000
00000000
00000000
00000000
00000000

// ASCII F7h/247 = "÷"
00000000
00000000
00000000
00000000
00000000
00000000
00000000
11111111
11111111
11111111
11111111
11111111
11111111
11111111
11111111
11111111

// ASCII F8h/248 = "ø"
11111111
11111111
11111111
11111111
11111111
11111111
11111111
11111111
11111111
11111111
11111111
11111111
11111111
11111111
11111111
11111111

// ASCII F9h/249 = "ù"
00001111
00001111
00001111
00001111
00001111
00001111
00001111
00001111
00001111
00001111
00001111
00001111
00001111
00001111
00001111
00001111

// ASCII FAh/250 = "ú"
11110000
11110000
11110000
11110000
11110000
11110000
11110000
11110000
11110000
11110000
11110000
11110000
11110000
11110000
11110000
11110000

// ASCII FBh/251 = "û"
10001000
00100010
10001000
00100010
10001000
00100010
10001000
00100010
10001000
00100010
10001000
00100010
10001000
00100010
10001000
00100010

// ASCII FCh/252 = "ü"
10101010
01010101
10101010
01010101
10101010
01010101
10101010
01010101
10101010
01010101
10101010
01010101
10101010
01010101
10101010
01010101

// ASCII FDh/253 = "ý"
10111011
11101110
10111011
11101110
10111011
11101110
10111011
11101110
10111011
11101110
10111011
11101110
10111011
11101110
10111011
11101110

// ASCII FEh/254 = "þ"
00000000
00000000
00000000
00000000
01111110
01111110
01111110
01111110
01111110
01111110
01111110
00000000
00000000
00000000
00000000
00000000

// ASCII FFh/255 = "ÿ"
00000000
00000000
00000000
00000000
01111110
01111110
01111110
01111110
01111110
01111110
01111110
00000000
00000000
00000000
00000000
00000000

// ASCII 100h/256 = "Ā"
00000000
00000000
00000000
00000000
00000000
00000000
00000000
00000000
00000000
00000000
00000000
00000000
00000000
00000000
00000000
00000000

